SVC confusion matrices average

[[40.2  0.5  6.5  2.9  4.6 12.6  1.1  7.5  5.7 18.4]
 [ 3.3 28.3  2.4  0.9  1.7  1.8  0.1  1.7  0.4  2.3]
 [11.2  0.  53.9  8.1  4.2  5.3  0.4  1.9  2.5 12.5]
 [ 7.1  0.8  9.5 60.5  3.9  3.7  1.7  1.2  5.8  5.8]
 [ 5.9  0.6  8.3  4.9 48.4  3.6  2.1 16.6  1.5  8.1]
 [33.2  0.2  7.6  5.6  5.4 34.8  0.   6.5  2.6  4.1]
 [ 0.8  0.   2.  17.   1.9  0.9  4.1  0.6  0.5  9.6]
 [12.4  0.1  0.5  0.  20.1 10.3  0.1 45.4  0.8 10.3]
 [11.6  0.   4.2  7.1  1.1  4.9  0.1  1.6 60.3  2. ]
 [15.9  1.  10.7  3.6  6.7  5.6  0.4  7.4  2.  46.7]]

 KNN confusion matrices average

 [[25.3  0.  39.3  5.9  1.4  2.   1.3 10.   2.9 11.9]
  [ 3.  25.4  4.8  0.6  1.3  0.8  0.2  3.2  0.5  3.1]
  [ 6.2  0.2 70.9  3.3  1.   2.1  8.   1.   2.4  4.9]
  [ 4.8  0.5 21.7 44.8  0.9  1.4 19.   0.4  3.   3.5]
  [11.5  0.  23.8  3.5 25.5  1.6 11.5  8.4  2.9 11.3]
  [10.8  0.  37.3  2.6  0.7 31.   1.1  3.4  2.  11.1]
  [ 0.8  0.   4.9  1.5  0.   0.  28.7  0.   1.1  0.4]
  [13.7  0.1 26.9  1.  10.   0.2  1.5 28.8  3.2 14.6]
  [ 6.1  0.1 16.9  6.3  0.7  1.5  2.   0.7 56.6  2. ]
  [ 9.7  0.4 34.1  3.7  3.3  1.7  7.4  1.5  2.8 35.4]]