KNN RESULTS
 -MFCCs (40 coeff)
 grid_params_knn = {
    'n_neighbors': [3, 5, 7, 9, 11, 15],
    'weights': ['uniform', 'distance'],
    'metric': ['euclidean', 'manhattan']
}

Fold 1

Accuracy:
0.434135166093929
[[22  0 23  0 10 11  0 25  0  9]
 [ 0 30  0  0  0  0  0  6  0  0]
 [12  1 72  1  0  0 10  0  0  4]
 [ 4  4 21 44  0  0 25  0  1  1]
 [10  0 27  0 26  1  1 13  1 21]
 [14  0  2  2  0 43  5  0  0 30]
 [ 0  0  7  0  0  0 27  0  1  0]
 [31  0 14  0 49  0  0 19  3  4]
 [ 6  0 25  2  0  1  1  0 51  0]
 [10  0 36  0  1  0  3  3  2 45]]
 
Fold 2

Accuracy:
0.40878378378378377
[[37  0 38  2  1  1  0  0  0 21]
 [ 5 10 16  0  0  2  0  3  2  4]
 [ 5  0 75  4  0  1  7  0  1  7]
 [ 3  0 19 55  0  2 17  0  2  2]
 [ 5  0 33  1 27  0  5 16  1 12]
 [ 9  0 56  4  0  9  0  2  1 19]
 [ 0  0  2  0  0  0 33  0  0  0]
 [ 4  1 76  0  1  0  2  8  3 25]
 [10  0  1  3  0  0  0  0 77  0]
 [15  0 38  4  5  0  0  3  3 32]]

Fold 3

Accuracy:
0.3881081081081081
[[15  0 61  4  2  1  0  0  4 13]
 [ 0 36  2  0  1  1  0  1  1  1]
 [ 5  0 74  1  0  2  9  0  0  9]
 [ 5  0 21 45  0  0 20  0  4  5]
 [ 7  0 15 16 25  2 13  2  6 14]
 [ 9  0 71  1  2  1  4 12  0  7]
 [ 1  0  1  1  0  0 33  0  0  0]
 [ 6  0 15  1  3  2  6 25  6 56]
 [12  0 17  3  0  0  1  1 81  4]
 [ 6  1 48  1  8  2  9  1  0 24]]

Fold 4

Accuracy:
0.4
[[ 28   0  32   0   0   1   0  23   3  13]
 [  5  24  10   3   3   2   1   4   2   5]
 [  7   0  66   6   1   0   8   2   2   8]
 [  4   0  24  41   0   2  21   0   5   3]
 [ 10   0  28   0  40   5  11   4   0   2]
 [ 31   0  30   7   0  12   0  16   3   8]
 [  5   0   4   2   0   0  26   0   0   1]
 [  6   0  34   5  19   0   1   7  11  37]
 [  8   0  21  21   0   1   1   1 113   0]
 [ 13   0  25   9   0   4   3   1   6  39]]

 Fold 5

 Accuracy:
0.4519230769230769
[[26  0 50  2  0  3  0 18  0  1]
 [ 8 58  6  1  4  1  1 12  0  7]
 [ 7  0 69  3  4  4  7  1  2  3]
 [ 4  0 30 33  1  0 22  1  5  4]
 [19  0 32  0 18  1  8  9  0 13]
 [ 4  0 52  4  1 17  0  2  5 22]
 [ 1  0  5  0  0  0 34  0  0  0]
 [12  0  5  1  6  0  0 95  0  1]
 [ 7  0 14 15  0  0  3  0 28  4]
 [ 7  0 20  5  0  0 22  0  1 45]]

 Fold 6

 Accuracy:
0.36938031591737547
[[25  0 14 19  0  3  1  0 10 28]
 [ 2  9  5  0  4  1  0  4  0  3]
 [ 4  1 75  2  2  1  6  0  0  9]
 [ 6  0 27 38  3  1 15  1  0  9]
 [11  0 38  2 21  1 24  1  0  2]
 [21  0 24  4  3 37  0  0  2 16]
 [ 0  0  9  1  0  0 36  0  0  0]
 [21  0 39  0  0  0  0  5  0  3]
 [ 5  0 18  9  7  1 13  0 20  1]
 [ 9  1 43  2  1  0  5  0  1 38]]

Fold 7

 Accuracy:
0.441527446300716
[[51  0 34 12  0  0  0  0  0  3]
 [ 4 11  3  2  0  0  0  1  0  7]
 [11  0 69  3  0  6  7  0  2  2]
 [ 2  0 12 60  1  0 17  0  5  3]
 [14  0 18  3 22  2 12  6 11 12]
 [ 2  0 61  2  0 27  2  0  4  8]
 [ 1  0  8  1  0  0 41  0  0  0]
 [ 5  0 15  2 15  0  0 20  9 10]
 [ 6  0 17  4  0  2  1  4 32 11]
 [ 8  0 32  4  7  2 10  0  0 37]]

Fold 8

Accuracy:
0.4106699751861042
[[ 0  0 59 20  0  0 12  0  4  5]
 [ 0 29  0  0  1  0  0  0  0  0]
 [ 7  0 69  0  0  5 10  0  7  2]
 [ 7  1 25 40  0  4 15  0  7  1]
 [ 4  0 18 11 29  1 21  6  0 10]
 [13  0 30  0  0 45  0  0  0  0]
 [ 0  0  2  3  0  0 23  0  0  2]
 [45  0 12  0  3  0  4  4  0 10]
 [ 1  1 10  5  0  2  0  0 61  0]
 [12  0 26  6  4  1  4  5 11 31]]

 Fold 9 

 Accuracy:
0.5049019607843137
[[12  0 48  0  0  0  0 22  0 18]
 [ 4 22  3  0  0  1  0  0  0  2]
 [ 2  0 67  8  1  1  8  6  4  3]
 [ 9  0 19 37  1  5 22  1  1  5]
 [12  0 14  1 14  2 14 21  0 22]
 [ 4  0 15  2  1 67  0  0  0  0]
 [ 0  0  2  1  0  0 17  0 10  1]
 [ 2  0  6  0  4  0  0 70  0  0]
 [ 0  0  2  1  0  0  0  0 79  0]
 [12  0 38  6  1  4  8  1  3 27]]


Fold 10

 Accuracy:
0.46236559139784944
[[37  0 34  0  1  0  0 12  8  8]
 [ 2 25  3  0  0  0  0  1  0  2]
 [ 2  0 73  5  2  1  8  1  6  2]
 [ 4  0 19 55  3  0 16  1  0  2]
 [23  0 15  1 33  1  6  6 10  5]
 [ 1  0 32  0  0 52  0  2  5  1]
 [ 0  0  9  6  0  0 17  0  0  0]
 [ 5  0 53  1  0  0  2 35  0  0]
 [ 6  0 44  0  0  8  0  1 24  0]
 [ 5  2 35  0  6  4 10  1  1 36]]