SVC RESULTS
- MFCCs (40 coeff)
grid_params_svc = {
    'C': [0.1, 1, 10],
    'gamma': [1, 0.1, 0.01, 0.001],
    'kernel': ['rbf', 'poly', 'sigmoid']
}

Fold 1

Accuracy:
0.4948453608247423
[[63  0  2  0  0  4  0  1  0 30]
 [ 0 28  0  0  0  2  0  6  0  0]
 [ 6  0 54  5  7 15  0  0  2 11]
 [11  4  8 65  0  6  0  0  5  1]
 [ 3  0  8  1 52  9  1 16  0 10]
 [ 9  0  0 35  0 31  0 14  3  4]
 [ 0  0  4 27  2  0  2  0  0  0]
 [17  0  0  0 49 14  0 36  0  4]
 [ 0  0  9  1  4  8  0  1 62  1]
 [11  3  8  0  7 15  0 13  4 39]]

Fold 2

Accuracy:
0.4346846846846847
[[36  0  0  0  0 31  0  4  0 29]
 [ 4 17 12  2  2  2  0  0  1  2]
 [32  0 42  2  0  6  0  0  6 12]
 [ 2  3 10 70  1  4  1  1  2  6]
 [19  0 10  0 54  0  0  5  0 12]
 [66  0  0  0  0 24  0  5  4  1]
 [ 1  0  0 20  4  0  6  0  0  4]
 [ 0  0  0  0 14 64  0 21  8 13]
 [11  0  2  2  0  2  0  0 72  2]
 [27  1  6  4  0  3  0 15  0 44]]

Fold 3

Accuracy:
0.4097297297297297
[[15  0 12 24  5  5  0 18  0 21]
 [ 0 37  1  1  0  3  1  0  0  0]
 [11  0 52 20  3  0  0  0  0 14]
 [ 5  0 13 61  0  1  2  0  6 12]
 [16  0 11 19 34  1  6  0  1 12]
 [ 2  0 14  3 34 25  0 17  0 12]
 [ 0  0  1 11  1  0  8  0  0 15]
 [24  0  2  0 22  5  1 18  0 48]
 [15  0  0  0  0 10  0  8 85  1]
 [16  0 24  2  8  4  1  1  0 44]]

Fold 4

Accuracy:
0.5050505050505051
[[ 40   0   7   1   0  35   0  16   1   0]
 [  4  26   1   5   9   3   0   3   1   7]
 [ 12   0  37  15  13   3   1   3   0  16]
 [  8   1   4  59   4   3   5   1  10   5]
 [  6   1   3   0  61   0  12  10   0   7]
 [ 57   0   0   1  13  33   0   3   0   0]
 [  0   0   2   9   2   1   4   3   0  17]
 [ 17   0   3   0   6   1   0  80   0  13]
 [  3   0   5  21   0   2   0   0 125  10]
 [ 24   1  18   8   4   2   0   3   5  35]]

Fold 5

Accuracy:
0.5235042735042735
[[29  0 27  0  0  3  0 17  8 16]
 [11 70  1  0  3  1  0  8  0  4]
 [ 2  0 51  5  9  3  0  7  9 14]
 [10  0 10 66  1  3  1  1  6  2]
 [ 8  0  9  8 44  4  0 25  0  2]
 [23  0  9  0  3 48  0  8  4 12]
 [ 1  0  1 26  2  2  1  0  1  6]
 [ 2  1  0  0 22 13  0 75  0  7]
 [ 2  0  3 15  2  1  0  2 42  4]
 [ 5  0  5 10  5  6  1  4  0 64]]

Fold 6

Accuracy:
0.42162818955042525
[[24  0  1  0  5  0  0  3 42 25]
 [ 6 18  0  0  2  0  0  0  1  1]
 [ 3  0 60  4  6  3  0  5  1 18]
 [ 6  0 14 38 12  2  1  5  8 14]
 [ 2  1  7 11 50  1  0 27  1  0]
 [60  0  2  6  0 28  0  0  8  3]
 [ 2  0  1 10  6  1  5  1  0 20]
 [20  0  0  0  6  3  0 39  0  0]
 [ 9  0 10 13  0 13  0  1 28  0]
 [12  0 11  1 16  1  1  0  1 57]]

Fold 7

Accuracy:
0.5083532219570406
[[76  0  1  0  0  9  0  2  1 11]
 [ 3 14  6  1  0  0  0  0  1  3]
 [19  0 62  2  0  4  0  1  0 12]
 [ 4  0  9 77  4  0  0  0  4  2]
 [ 1  2  7  0 45 13  2 28  0  2]
 [35  2 30  1  0 30  0  7  0  1]
 [ 0  0  1 17  0  4  2  0  0 27]
 [ 7  0  0  0  7  0  0 52  0 10]
 [36  0  5  8  1  1  0  4 21  1]
 [18  0  9  4 12  3  1  5  1 47]]

Fold 8

Accuracy:
0.5124069478908189
[[32  5  2  4  7 14  1  0  4 31]
 [ 0 28  2  0  0  0  0  0  0  0]
 [14  0 46  8  2 17  0  0  0 13]
 [11  0  7 58  0  8  0  0 11  5]
 [ 0  1  6 10 68  0  0  5  2  8]
 [57  0  9  0  4 11  0  5  0  2]
 [ 2  0  2 11  1  1  9  0  0  4]
 [ 6  0  0  0 12  0  0 52  0  8]
 [ 0  0  0  6  0 11  0  0 63  0]
 [ 8  3  3  4  4 11  0 17  4 46]]

Fold 9

Accuracy:
0.5453431372549019
[[22  0  8  0 29 23 10  0  0  8]
 [ 3 21  1  0  0  6  0  0  0  1]
 [10  0 71  5  0  2  1  3  5  3]
 [10  0 11 56  8  6  0  0  2  7]
 [ 3  1  8  0 27  0  0 42  6 13]
 [10  0  0  0  0 67  0  3  7  2]
 [ 1  0  0 21  1  0  2  2  1  3]
 [ 1  0  0  0 28  0  0 53  0  0]
 [ 4  0  0  1  0  0  1  0 76  0]
 [14  0 14  3  2  8  0  8  1 50]]

Fold 10

Accuracy:
0.4874551971326165
[[65  0  5  0  0  2  0 14  1 13]
 [ 2 24  0  0  1  1  0  0  0  5]
 [ 3  0 64 15  2  0  2  0  2 12]
 [ 4  0  9 55  9  4  7  4  4  4]
 [ 1  0 14  0 49  8  0  8  5 15]
 [13  0 12 10  0 51  0  3  0  4]
 [ 1  0  8 18  0  0  2  0  3  0]
 [30  0  0  0 35  3  0 28  0  0]
 [36  0  8  4  4  1  0  0 29  1]
 [24  2  9  0  9  3  0  8  4 41]]



 